$ANSIBLE_VAULT;1.1;AES256
65623431323836643838356332363130343439363863636137363330396438646361393837313232
3334616263653332333465383661373763343434343937620a396361633765316633623961633864
64366362623464396534633737376234346331623434336230373962616632376536333031656664
3931313232313463640a386431323534633939643138373334393738343038636239623565646638
31383062366533313934643532323938623864623062343239313664353431323036313636633164
35323962356133386363306461386136373933646164316530346532376463313739386338376466
61383265396639393530646565326166373663313366343336646234613561646434326637653238
38666535326130303762663061636465323430343764393130346163623838393939333539343637
63316635646336386230383635383865643334653638383135643133663337353736313265303233
61623864343438303430326464386331626266343732393734633466663964353735613136613433
63663665393636313031363138386433343133636561626534633365373665336132643164666330
66656161373739343035343462626438303062376337666564356536326435353961333930373437
34616431316365633731346636333331306565313263336330613739356632366635663561386135
38663863616563636430376163333062663263386364386337336238333439656366643930363631
39313038396465663865633163356438613164326465336636323061366138623235323632653766
66363533303437313335356135653133623636373137323330613933363464313834623939616464
37323764396562343366356630666231343361316266623961633364303738376531316165626361
32366539396564326537353430653933626633306133343431386462386466663330383665666432
30613965313564636566343531343230646231663232393635656362303632303133666666666232
62643232393034396533613633666538373536373335363330383535636166356366393139396334
39356530306662326230383836643330626534613261646336383136373761393236396635366161
64333737613232346631643335656236303139623065363762353462613234623237393665383264
35366564633334303237636534356539303133643232336364343033653464383636653464363164
31343561383235393639626630346238613961613039303938303536303865623737643266336538
39656532396137616634393964376333623066396133346137643462643665316266313463376561
33373037396431313564333831663664663566386362376638306332633065656136303936663333
66656133653162323962393931313536336334316438313565656263343630626366386131333032
37656433393762316635383036373333333466643636323266313931613939333165663533643038
62663234643532373065346165336464383532383163303837613434363439343064663563666364
63333966376338656332653234656337656634323733663733366338383434646238323438366233
64613634653038386538343764343539333430666638646235616465363230366437323664656232
39343336636637363338333439353961343431633436333031663565313437623239623133653831
65613865633865663030376131643362333466363863363837666566323036636637393964343235
66336634646132313736353636343764663334616637633962386164613266316332636634353330
30643736633461646539346333356536373337323733373139353737623663343463626636363762
36633134326337373766333566363466633730383838663563386530623237393035303934663635
38313665303763383066633735386335376237633164313961396162616637386162393866323632
34346263396334376336313830356434316165616366656562383264303266316239303439373639
61366365666439356366653636353261373835653830323666656563323833623835346166343066
31366537613362356666663364306531623135396666356437396663633331343933343739373132
63343339393632646433616130326431306131656138623161363134653830396662653664313838
37306631643330366235633235333532313764393730616135393561326535313162663666386461
63386636626531663032626436653631303934333361626165363831383430383637656165313035
38636437646531653430666432363363313763333138353437396461623438303964353462613238
36326334383839663532386439656436333332616265366636373334636263356465303438353730
65363336646561633365653533353738356230366462643361363663393530643632353739343062
30643661343333613233663030333537333335653530653135326461323663333763303935373031
39633837396134316564646534666237346439626634383238666238653935623061613233646234
63616530646630623761363934396633306463303933613164643764316437633935653336653966
35626163306463656137333461303132353634303264303432353037646138623961633938663665
66636539303536363430356236633430333563633035386637346639333932393166383634303365
36323266353665316462303263636339373961343938333237643765373231643433353864363036
63356333303264376231346437373432323331633633303962306233626431323334633831366435
34623935373565643761303163376539616434656139343938363937663463336135383737363966
39626535333835333561323130303563313632366162613931653732626261633862633435333766
31366633616361373538313236616431336430613638363235323330376437376539336430303162
34633666663461336634323963353764623463663131303936396661633561353435386635666130
61323533666666666335356561623764646436643265333237633234313533383931326265373466
31616635323835653839613536313537623062623338303139383835383933623863353735393632
30343266326631636134393463366337323034356537363362313439623765643732396136396461
6364
