$ANSIBLE_VAULT;1.1;AES256
61373438616465616663353032623165383261663561333566663836396166303739626138373037
3336396433313137393163323734353636373237396666340a346237646664616433326165386362
65396461326461313066373838653462353430636435656266366136396538633630663566613532
3463313961306137320a626137343531646433633636663663626432356166613239323139616631
31366164373835623731633437616239663537623433393362313936653165336331653131376130
66373865316232356235333665303464646335386165343034643932636234626565663966356335
35363232306163653534356232666564313035636662653230643063646364633038623066343265
31306163396233386132333631663535666530376263396161356434616130653133393231643635
66366266313834623865633434323461643865366161376534316366633238656266626239626566
36386364613062363234623366653961346664376431346636666465323630663061636233623730
34373839393235616332633662633238663463306262663933653062366362363637353036663462
64646634393039316635616236393962373266656131636433393431623036393437393035323331
65613266663336396634336432353038653631343036306539363065306433353732356564646133
63313635396637376139643161373466613930393736643732633065653962663733653739353064
35353439626331303564303637616562616634306464636562653061383265356639666261326530
66393263373637663661313736366161643134313534663465613936643431643533396462343866
35633164336633333262306335333930623635393030653365613935623861626630326462336239
65396136323534643837636539336263373862366138643931643832366165326135376261663630
61323238613962326232323437373161356536633738633636386361363338613637363330663265
36396330303235666435636366383236353065323733366564393836656432356130616565303430
32396437613961653133396462336136333963643061383166363937626436653063333937306465
63633361626463643866333136663565653132653266323136636166373836323930366232386638
63353464303638373136386435383633366432363231643361386230616435356231616135393432
37666162376137313431623134393566336366393861653333313136376166613935643766383233
65333866323336663736653530353832393936656564393763613332613734656266653939333531
33633830643638376164623933663130316464663132383335636537303237356663343436326335
38623438623561616363363038653238363238376430656436366161636231333365626333313431
37323138306331386564383339393036346665623966663930303034663465336535393364313233
32343664373530643030393037333663616365653030616362353165373036343262633538383238
35383861316636303239306266313865633332313639396433643162363930633036346539663562
35333538383764383066656132393564623436616364383836666638346437353438333931653635
61663333633835303536373435383661386235323934363163613865323034623538663933613536
31623032636339633137306164393036663365623164623037393764333636346530613733623163
36316239336564373438363937333031643334663836313834623131366437396564336366653363
62636230343236396239366663306436663839656634623864356138313634626463333835383962
37653531626239373930356565363964363335386633343931663936343837336632326634326437
34666439656534393631393365626632333263623931306263626135353463613238313737323738
37613731663439663135396337386231303264383531366535356464303534333963353066313237
30656639633164373463663061633939386236313038326433363166336231636462393261303038
65306538363836393563343338666237353265626432346631386237333662643731643130316563
62323937316561356433616232643331613130363038636133373531356166626337326463383630
33643133353835636231393666323164326666333364653362643635633331653661316438643539
34333035353734663239616363343038626564326163666231663939396536373335303265666666
37383163613964336364333830616432623130653732616238613063666162386536616539643637
36333238383431616634633964373566666436646235323935613664336534663032336261373261
30363633643735393033333063333566323362306439313537616134383534343837393762356638
38363761363330353265346163633136656638343365656230323034616633313234396665303164
39363137306361383631636334343163393031353037326363333034343835666537326336333165
64303161333135376634336336386534616235633739613334656661616531623737653264656638
39633433363665396538623766363261333030623563653839623363346665383631386237656635
39383537313839356566623737303135383133616236363236323031323139383966646561323638
37666133356337653737633266306438353037313435656164653066383563353665666163363538
39643436303238393936643965633330626265666465646465346632626236313831333630653635
65366261333261303564356166663464613033303762633565613261633238376535363362363831
65366536663533653335336236353661343434663133326236306664383964663132313063343365
32366134343231363461616236303430323634306433393237393833663565396161343038373765
32616131306338656566613937353936633263343466343363353232623131616635303630363166
66633631623562306266393536396432313231663433616632633162353665336635663363656434
61643862373335613537613562643035653061323030653438373437633336353434303739636633
64313031623833353361376432316334396239336566626332393164313732383735363731383233
3461
